2593 
13 129 1000 264 0.000063096
31 129 1000 175 0.000106771
115 129 1000 8 0.000139998
101 129 1000 798 0.000177802
100 129 1000 2880 0.000186842
71 129 1000 4519 0.000190793
27 129 1000 5 0.000221330
60 129 1000 1233 0.000232190
90 129 1000 6163 0.000276197
7 129 1000 2 0.000284443
49 129 1000 154 0.000298963
96 129 1000 441 0.000428352
35 129 1000 26 0.000477902
125 129 1000 70 0.000567944
47 129 1000 8 0.000572388
59 129 1000 558 0.000578197
56 129 1000 70 0.000685811
17 129 1000 38 0.000685908
71 129 1000 2 0.000693526
67 129 1000 2726 0.000734791
50 129 1000 2581 0.000823789
127 129 1000 2 0.000962355
70 129 1000 2894 0.000981818
104 129 1000 854 0.000993879
32 129 1000 26 0.001039128
69 129 1000 892 0.001055949
89 129 1000 21 0.001086002
91 129 1000 15 0.001096101
9 129 1000 2752 0.001127133
41 129 1000 799 0.001215649
63 129 1000 27 0.001284769
106 129 1000 58 0.001310574
117 129 1000 69 0.001377184
106 129 1000 33 0.001502775
63 129 1000 4 0.001570694
102 129 1000 45 0.001633832
122 129 1000 33 0.001649922
25 129 1000 5 0.001658766
8 129 1000 3785 0.001720609
58 129 1000 16 0.001722418
42 129 1000 12 0.001762569
57 129 1000 15 0.001810215
88 129 1000 204 0.001858933
108 129 1000 37 0.001907175
18 129 1000 59 0.001912111
92 129 1000 7 0.001923574
34 129 1000 254 0.001928283
47 129 1000 11 0.001931307
31 129 1000 28 0.001986819
70 129 1000 39 0.002023803
107 129 1000 2913 0.002041686
70 129 1000 32 0.002196968
103 129 1000 4873 0.002240493
46 129 1000 13 0.002278694
80 129 1000 103 0.002304854
101 129 1000 15 0.002324328
84 129 1000 40 0.002346309
23 129 1000 4 0.002394978
117 129 1000 4 0.002434626
78 129 1000 29 0.002436520
7 129 1000 810 0.002442881
80 129 1000 28 0.002617621
15 129 1000 7 0.002682291
34 129 1000 18 0.002704685
54 129 1000 4249 0.002748993
42 129 1000 39 0.002763184
78 129 1000 24 0.002989189
87 129 1000 125 0.002991127
74 129 1000 73 0.003002352
93 129 1000 1800 0.003053687
75 129 1000 1244 0.003079016
117 129 1000 672 0.003123727
72 129 1000 12955 0.003162067
61 129 1000 20 0.003168030
64 129 1000 52 0.003177910
18 129 1000 1596 0.003288352
21 129 1000 3053 0.003290144
58 129 1000 13 0.003293514
54 129 1000 24 0.003332430
34 129 1000 17 0.003363941
121 129 1000 7 0.003404741
94 129 1000 33 0.003407812
57 129 1000 5 0.003472152
48 129 1000 16 0.003475934
21 129 1000 1773 0.003505987
40 129 1000 7 0.003550737
34 129 1000 64 0.003639174
65 129 1000 1070 0.003670515
113 129 1000 7434 0.003745688
76 129 1000 53 0.003804323
52 129 1000 1 0.003902022
59 129 1000 43 0.003918888
66 129 1000 1684 0.003929267
60 129 1000 10 0.003943791
85 129 1000 53 0.003946471
71 129 1000 62 0.003952506
88 129 1000 51 0.003976843
74 129 1000 0 0.003998425
29 129 1000 64 0.004020503
32 129 1000 187 0.004069714
87 129 1000 3 0.004070389
3 129 1000 593 0.004078943
32 129 1000 45 0.004084863
82 129 1000 4 0.004176992
37 129 1000 2394 0.004177538
73 129 1000 1 0.004196552
116 129 1000 24 0.004304052
5 129 1000 5624 0.004338747
52 129 1000 15 0.004351324
97 129 1000 144 0.004437717
94 129 1000 6 0.004619335
69 129 1000 1296 0.004628993
80 129 1000 6 0.004636268
62 129 1000 2 0.004664622
87 129 1000 9 0.004729973
63 129 1000 75 0.004747906
101 129 1000 121 0.004789912
35 129 1000 23 0.004790441
48 129 1000 24 0.004866081
18 129 1000 5053 0.004871361
46 129 1000 185 0.004876719
125 129 1000 62 0.004890177
28 129 1000 902 0.004906099
110 129 1000 23 0.004907868
119 129 1000 3224 0.004912627
56 129 1000 72 0.004935196
58 129 1000 3 0.004938107
51 129 1000 4 0.004942821
63 129 1000 125 0.005019722
3 129 1000 70 0.005036595
46 129 1000 56 0.005101743
117 129 1000 4172 0.005114794
32 129 1000 29 0.005151901
8 129 1000 8683 0.005268362
17 129 1000 4 0.005276770
87 129 1000 0 0.005354404
60 129 1000 24 0.005367201
1 129 1000 3944 0.005415269
2 129 1000 21 0.005431998
63 129 1000 68 0.005526329
114 129 1000 34 0.005561774
32 129 1000 59 0.005566408
32 129 1000 206 0.005599183
63 129 1000 1527 0.005721931
72 129 1000 26 0.005731876
66 129 1000 20 0.005739572
4 129 1000 1662 0.005878474
23 129 1000 48 0.005918676
80 129 1000 20 0.005934010
85 129 1000 453 0.005988644
85 129 1000 3 0.006031285
111 129 1000 1101 0.006095362
90 129 1000 23 0.006127893
111 129 1000 69 0.006132779
72 129 1000 188 0.006152081
79 129 1000 11 0.006256133
83 129 1000 3254 0.006341891
28 129 1000 981 0.006419965
57 129 1000 20 0.006429740
14 129 1000 902 0.006468283
54 129 1000 1295 0.006478280
128 129 1000 67 0.006498803
103 129 1000 4 0.006531173
125 129 1000 786 0.006556249
58 129 1000 5880 0.006559910
13 129 1000 19 0.006594903
49 129 1000 5 0.006602859
3 129 1000 21 0.006608961
28 129 1000 239 0.006609922
86 129 1000 14524 0.006633422
53 129 1000 8108 0.006635741
85 129 1000 1254 0.006697282
32 129 1000 184 0.006725925
104 129 1000 13 0.006770316
102 129 1000 27592 0.006802921
27 129 1000 0 0.006804573
101 129 1000 187 0.006805640
112 129 1000 4 0.006829185
105 129 1000 18 0.006845446
20 129 1000 71 0.006922529
88 129 1000 94 0.006945943
106 129 1000 3209 0.006958578
94 129 1000 59 0.006968268
75 129 1000 47 0.006978597
106 129 1000 25 0.006983032
91 129 1000 45 0.006983946
112 129 1000 332 0.006983958
128 129 1000 4163 0.007004697
43 129 1000 1038 0.007019297
79 129 1000 48 0.007051780
94 129 1000 1557 0.007118923
13 129 1000 31 0.007152085
10 129 1000 7 0.007214041
26 129 1000 7241 0.007244126
22 129 1000 62 0.007251667
21 129 1000 3455 0.007275125
116 129 1000 162 0.007323413
19 129 1000 5 0.007324802
90 129 1000 3523 0.007357887
63 129 1000 7 0.007361816
52 129 1000 45 0.007384768
33 129 1000 34 0.007410756
18 129 1000 27 0.007462018
99 129 1000 4 0.007495227
82 129 1000 3097 0.007516268
11 129 1000 4875 0.007519297
60 129 1000 5389 0.007531162
63 129 1000 435 0.007606018
78 129 1000 3340 0.007709798
118 129 1000 8 0.007819150
66 129 1000 69 0.007877949
80 129 1000 3 0.007889567
116 129 1000 4494 0.008037758
72 129 1000 53 0.008074407
19 129 1000 1708 0.008140426
114 129 1000 170 0.008142123
101 129 1000 2891 0.008266825
28 129 1000 1556 0.008285249
70 129 1000 2 0.008362370
96 129 1000 0 0.008462322
85 129 1000 7 0.008479725
89 129 1000 170 0.008504043
87 129 1000 226 0.008528526
30 129 1000 0 0.008563893
18 129 1000 6 0.008572537
51 129 1000 141 0.008580353
98 129 1000 26 0.008589585
54 129 1000 21 0.008596727
56 129 1000 42 0.008634044
36 129 1000 102 0.008668864
29 129 1000 22 0.008702465
89 129 1000 27 0.008744809
16 129 1000 0 0.008863675
25 129 1000 4320 0.008881712
33 129 1000 52 0.008889873
70 129 1000 51 0.008894279
66 129 1000 18 0.008933837
119 129 1000 9196 0.008955335
51 129 1000 39 0.008955435
67 129 1000 62 0.008984186
24 129 1000 24 0.008997162
64 129 1000 189 0.009005610
98 129 1000 34 0.009040700
89 129 1000 36 0.009060812
19 129 1000 19934 0.009067678
11 129 1000 7009 0.009120285
46 129 1000 136 0.009122365
30 129 1000 63 0.009159721
91 129 1000 42 0.009161252
115 129 1000 4 0.009169066
15 129 1000 6652 0.009169125
120 129 1000 39 0.009203909
101 129 1000 58 0.009266202
69 129 1000 24 0.009378525
1 129 1000 3175 0.009443334
55 129 1000 75 0.009456708
126 129 1000 2795 0.009496083
50 129 1000 4 0.009540434
60 129 1000 20 0.009612669
96 129 1000 698 0.009634941
103 129 1000 74 0.009668697
48 129 1000 29 0.009681491
61 129 1000 934 0.009715527
28 129 1000 20644 0.009727024
120 129 1000 3377 0.009728479
14 129 1000 2732 0.009755785
63 129 1000 2905 0.009762063
37 129 1000 6 0.009807069
52 129 1000 8 0.009836406
44 129 1000 32 0.009846765
47 129 1000 11477 0.009862985
16 129 1000 72 0.009875457
117 129 1000 22519 0.009931508
4 129 1000 68 0.009957554
85 129 1000 16 0.009968249
96 129 1000 139 0.009996320
66 129 1000 25 0.010070202
75 129 1000 56 0.010146121
93 129 1000 55 0.010162912
90 129 1000 6 0.010192176
12 129 1000 256 0.010212947
70 129 1000 9026 0.010239020
19 129 1000 82 0.010262049
111 129 1000 0 0.010382368
62 129 1000 0 0.010383739
38 129 1000 162 0.010439245
110 129 1000 63 0.010444038
5 129 1000 1753 0.010455189
29 129 1000 8631 0.010462444
21 129 1000 165 0.010469525
45 129 1000 806 0.010531563
2 129 1000 6942 0.010531804
3 129 1000 52 0.010566773
128 129 1000 23610 0.010597640
104 129 1000 0 0.010625780
57 129 1000 37 0.010654476
38 129 1000 190 0.010706187
102 129 1000 4 0.010713011
80 129 1000 151 0.010739011
76 129 1000 1 0.010754437
55 129 1000 71 0.010760070
82 129 1000 4690 0.010796604
88 129 1000 63 0.010797719
67 129 1000 46 0.010845715
65 129 1000 31 0.010856042
16 129 1000 5092 0.010962824
98 129 1000 4 0.010969037
115 129 1000 5208 0.010978969
6 129 1000 3808 0.011061655
118 129 1000 1175 0.011083428
123 129 1000 4 0.011098270
85 129 1000 59 0.011119455
65 129 1000 16 0.011119833
59 129 1000 1297 0.011120348
115 129 1000 19 0.011154448
11 129 1000 1707 0.011162991
53 129 1000 674 0.011174395
31 129 1000 3 0.011198841
42 129 1000 0 0.011199661
82 129 1000 73 0.011355978
119 129 1000 5009 0.011357888
45 129 1000 75 0.011401979
113 129 1000 2100 0.011459230
89 129 1000 14 0.011490676
8 129 1000 7 0.011500208
66 129 1000 9483 0.011534526
96 129 1000 246 0.011549742
4 129 1000 37 0.011559633
59 129 1000 20 0.011579707
97 129 1000 3 0.011665673
62 129 1000 460 0.011667237
83 129 1000 44 0.011745652
61 129 1000 34 0.011757542
99 129 1000 8 0.011774330
15 129 1000 260 0.011797012
111 129 1000 24 0.011845211
99 129 1000 5361 0.011911498
83 129 1000 8 0.012025608
11 129 1000 7866 0.012155954
116 129 1000 2 0.012292301
93 129 1000 1571 0.012295733
8 129 1000 1 0.012446171
67 129 1000 29 0.012535360
9 129 1000 22 0.012621816
6 129 1000 1662 0.012647480
50 129 1000 40 0.012664014
18 129 1000 571 0.012748996
77 129 1000 1 0.012763137
22 129 1000 1240 0.012816309
85 129 1000 25 0.012889534
108 129 1000 7482 0.012910461
50 129 1000 1619 0.012957425
85 129 1000 64 0.012993451
99 129 1000 31 0.013004533
113 129 1000 194 0.013021871
13 129 1000 0 0.013080009
118 129 1000 75 0.013104614
124 129 1000 9 0.013158159
105 129 1000 2 0.013244937
11 129 1000 32 0.013253162
55 129 1000 1447 0.013275960
66 129 1000 5 0.013285727
21 129 1000 8397 0.013324250
36 129 1000 4133 0.013332811
23 129 1000 41 0.013339521
127 129 1000 9 0.013368960
61 129 1000 8486 0.013497293
19 129 1000 96 0.013497849
10 129 1000 4071 0.013586669
61 129 1000 1097 0.013601474
44 129 1000 895 0.013614173
108 129 1000 21 0.013634546
76 129 1000 26 0.013671568
68 129 1000 156 0.013682009
80 129 1000 8 0.013792614
113 129 1000 29 0.013862525
113 129 1000 736 0.013902549
77 129 1000 61 0.013947989
106 129 1000 606 0.013966367
51 129 1000 4631 0.014054139
11 129 1000 62 0.014186676
44 129 1000 98 0.014235269
100 129 1000 58 0.014279300
54 129 1000 466 0.014352501
64 129 1000 13 0.014373195
68 129 1000 18097 0.014421473
127 129 1000 154 0.014477988
55 129 1000 17299 0.014527243
72 129 1000 18 0.014527795
34 129 1000 30 0.014681219
41 129 1000 368 0.014695080
55 129 1000 29 0.014796938
119 129 1000 108 0.014828280
100 129 1000 9017 0.014918749
4 129 1000 7 0.015026048
72 129 1000 28 0.015036380
96 129 1000 4211 0.015062656
23 129 1000 26 0.015151259
83 129 1000 164 0.015168914
118 129 1000 24 0.015171934
109 129 1000 3113 0.015180196
74 129 1000 1157 0.015210786
120 129 1000 23 0.015242099
60 129 1000 846 0.015257776
89 129 1000 1750 0.015259538
58 129 1000 52 0.015264858
85 129 1000 3142 0.015277186
97 129 1000 5 0.015394896
83 129 1000 71 0.015422871
43 129 1000 14 0.015435285
121 129 1000 703 0.015436571
21 129 1000 739 0.015498537
66 129 1000 245 0.015546599
43 129 1000 18325 0.015604736
110 129 1000 61 0.015694182
125 129 1000 8 0.015790533
42 129 1000 689 0.015816795
62 129 1000 13 0.015826596
10 129 1000 37 0.015854724
32 129 1000 10 0.015936828
111 129 1000 8 0.015976371
92 129 1000 1407 0.016000869
28 129 1000 944 0.016056776
68 129 1000 3 0.016068515
115 129 1000 68 0.016168662
100 129 1000 21 0.016189116
78 129 1000 37 0.016202040
108 129 1000 1549 0.016276772
17 129 1000 3 0.016302511
19 129 1000 379 0.016369795
22 129 1000 9 0.016373791
33 129 1000 2611 0.016406009
26 129 1000 10 0.016449309
104 129 1000 3561 0.016459002
107 129 1000 8669 0.016511521
37 129 1000 55 0.016570589
82 129 1000 103 0.016591842
119 129 1000 158 0.016718010
99 129 1000 14 0.016726652
107 129 1000 2 0.016750660
7 129 1000 31 0.016759880
87 129 1000 69 0.016801704
54 129 1000 9 0.016806494
119 129 1000 12 0.016822495
87 129 1000 77 0.016858446
38 129 1000 16 0.016875410
18 129 1000 58 0.016885540
64 129 1000 23617 0.016917050
100 129 1000 69 0.017166089
41 129 1000 16 0.017181386
24 129 1000 42 0.017200233
53 129 1000 8239 0.017267854
8 129 1000 1128 0.017272665
99 129 1000 44 0.017287510
30 129 1000 27 0.017308268
102 129 1000 1686 0.017348778
46 129 1000 3982 0.017353100
58 129 1000 12 0.017394069
77 129 1000 7514 0.017422911
77 129 1000 7 0.017468872
62 129 1000 73 0.017501501
38 129 1000 60 0.017577422
91 129 1000 6 0.017592873
40 129 1000 42 0.017598866
22 129 1000 3391 0.017610416
97 129 1000 3 0.017630920
18 129 1000 6 0.017653066
21 129 1000 42 0.017654740
95 129 1000 2005 0.017690421
114 129 1000 106 0.017712460
25 129 1000 3 0.017713832
37 129 1000 1135 0.017734594
87 129 1000 2828 0.017787679
66 129 1000 26 0.017835832
40 129 1000 48 0.017859049
45 129 1000 1603 0.017914643
90 129 1000 4376 0.017964904
118 129 1000 21 0.017981223
68 129 1000 7325 0.017984730
126 129 1000 0 0.018042301
79 129 1000 19 0.018070699
74 129 1000 20 0.018123208
80 129 1000 51 0.018130540
40 129 1000 1 0.018133142
128 129 1000 2903 0.018174544
115 129 1000 70 0.018210641
100 129 1000 18 0.018217618
113 129 1000 622 0.018274352
69 129 1000 52 0.018280261
25 129 1000 819 0.018292307
3 129 1000 119 0.018323688
13 129 1000 7240 0.018379239
46 129 1000 8 0.018389323
121 129 1000 317 0.018450809
118 129 1000 149 0.018459763
127 129 1000 554 0.018474395
50 129 1000 43 0.018503741
97 129 1000 1197 0.018537654
64 129 1000 37 0.018711211
109 129 1000 6840 0.018728668
91 129 1000 57 0.018742779
3 129 1000 8820 0.018788320
60 129 1000 1549 0.018812735
57 129 1000 4 0.018818252
91 129 1000 50 0.018835364
104 129 1000 28 0.018921663
41 129 1000 1 0.018928539
23 129 1000 1751 0.018954365
19 129 1000 664 0.018971241
57 129 1000 1718 0.019030973
54 129 1000 4446 0.019095582
122 129 1000 50 0.019106900
21 129 1000 26 0.019128436
24 129 1000 782 0.019170193
27 129 1000 26 0.019171649
22 129 1000 74 0.019194184
98 129 1000 52 0.019252087
78 129 1000 26 0.019282276
32 129 1000 1755 0.019350313
35 129 1000 7 0.019396221
126 129 1000 1598 0.019406043
110 129 1000 1068 0.019439972
57 129 1000 3 0.019499477
113 129 1000 4 0.019526066
71 129 1000 5 0.019567613
89 129 1000 67 0.019617060
36 129 1000 3670 0.019648416
118 129 1000 42 0.019701699
4 129 1000 2628 0.019755334
92 129 1000 299 0.019893554
59 129 1000 2 0.019922612
107 129 1000 8289 0.019932925
83 129 1000 1484 0.019943998
56 129 1000 27 0.019984563
116 129 1000 45 0.019990275
98 129 1000 2175 0.020012425
63 129 1000 9509 0.020109110
36 129 1000 367 0.020133534
124 129 1000 1363 0.020143011
40 129 1000 4 0.020155114
33 129 1000 1012 0.020179477
95 129 1000 47 0.020218980
43 129 1000 55 0.020250914
41 129 1000 21922 0.020278254
118 129 1000 32 0.020286186
18 129 1000 205 0.020311422
7 129 1000 30 0.020322773
118 129 1000 8 0.020365087
95 129 1000 1133 0.020371174
23 129 1000 19 0.020417591
28 129 1000 1145 0.020481631
24 129 1000 1160 0.020487226
2 129 1000 26 0.020510443
19 129 1000 21278 0.020549971
102 129 1000 28 0.020603316
62 129 1000 8 0.020616790
111 129 1000 109 0.020716923
5 129 1000 20 0.020744035
127 129 1000 1836 0.020747487
40 129 1000 2805 0.020780309
18 129 1000 5 0.020853506
62 129 1000 64 0.020878652
60 129 1000 402 0.020939090
105 129 1000 282 0.020940649
66 129 1000 2137 0.020967007
94 129 1000 16 0.021063360
97 129 1000 23 0.021101653
8 129 1000 35 0.021102093
106 129 1000 39 0.021144932
124 129 1000 54 0.021172436
34 129 1000 75 0.021180126
70 129 1000 24 0.021201190
25 129 1000 3 0.021214952
80 129 1000 26 0.021215761
90 129 1000 8929 0.021221083
56 129 1000 349 0.021260964
79 129 1000 150 0.021409795
8 129 1000 20 0.021420134
26 129 1000 2 0.021435709
86 129 1000 876 0.021443462
78 129 1000 2472 0.021444753
117 129 1000 48 0.021451182
126 129 1000 4 0.021505446
10 129 1000 7352 0.021525730
9 129 1000 41 0.021588566
23 129 1000 80 0.021601674
28 129 1000 156 0.021677790
68 129 1000 41 0.021684198
16 129 1000 42 0.021708243
114 129 1000 718 0.021751963
60 129 1000 4656 0.021754855
122 129 1000 1404 0.021830370
22 129 1000 27 0.021833660
113 129 1000 2836 0.021842020
26 129 1000 1885 0.021865170
52 129 1000 24 0.021868954
91 129 1000 2936 0.021923128
57 129 1000 544 0.021957144
7 129 1000 20 0.021978552
18 129 1000 325 0.022105746
36 129 1000 2 0.022119504
70 129 1000 21568 0.022142270
70 129 1000 19 0.022157161
128 129 1000 365 0.022222816
34 129 1000 1315 0.022266851
58 129 1000 54 0.022272621
95 129 1000 55 0.022369530
70 129 1000 59 0.022408588
14 129 1000 65 0.022482463
37 129 1000 55 0.022488815
68 129 1000 47 0.022524926
54 129 1000 1544 0.022531244
10 129 1000 63 0.022542005
106 129 1000 19 0.022622730
20 129 1000 5777 0.022747970
1 129 1000 345 0.022852363
45 129 1000 15179 0.022883603
65 129 1000 3 0.022893084
84 129 1000 1154 0.022916209
36 129 1000 1 0.022936491
55 129 1000 1628 0.022937495
18 129 1000 1053 0.022964905
78 129 1000 3660 0.023110297
68 129 1000 170 0.023140739
106 129 1000 36 0.023349116
42 129 1000 1679 0.023350335
60 129 1000 20 0.023395475
123 129 1000 2909 0.023418301
61 129 1000 1335 0.023482573
63 129 1000 25 0.023503995
125 129 1000 2735 0.023581336
11 129 1000 29 0.023630122
125 129 1000 8 0.023630449
91 129 1000 26 0.023643829
127 129 1000 134 0.023706829
69 129 1000 1563 0.023717326
72 129 1000 5 0.023835128
61 129 1000 7121 0.023854482
85 129 1000 4715 0.023855322
33 129 1000 1400 0.023888471
46 129 1000 6 0.023891418
89 129 1000 1167 0.023918494
86 129 1000 1333 0.023943975
56 129 1000 61 0.024060404
115 129 1000 731 0.024066193
109 129 1000 7556 0.024073933
118 129 1000 924 0.024117324
89 129 1000 4360 0.024144656
98 129 1000 1494 0.024170354
12 129 1000 58 0.024193959
117 129 1000 523 0.024368792
52 129 1000 123 0.024385339
114 129 1000 129 0.024427501
7 129 1000 1630 0.024475914
78 129 1000 909 0.024514243
24 129 1000 45 0.024613029
45 129 1000 14 0.024710359
116 129 1000 7 0.024770636
29 129 1000 8 0.024804058
126 129 1000 837 0.024914332
89 129 1000 1574 0.024924209
124 129 1000 534 0.024950156
45 129 1000 1580 0.025017149
79 129 1000 2 0.025086034
50 129 1000 749 0.025177963
55 129 1000 3935 0.025188297
42 129 1000 1544 0.025246289
67 129 1000 61 0.025266631
87 129 1000 114 0.025296440
51 129 1000 5 0.025323807
90 129 1000 4680 0.025379704
77 129 1000 9 0.025385228
122 129 1000 4 0.025404685
61 129 1000 0 0.025482991
106 129 1000 179 0.025539414
1 129 1000 70 0.025554220
59 129 1000 1238 0.025629639
18 129 1000 65 0.025631938
21 129 1000 1737 0.025648899
33 129 1000 13 0.025660436
16 129 1000 1548 0.025721931
3 129 1000 43 0.025726163
30 129 1000 22 0.025738316
103 129 1000 20 0.025787789
76 129 1000 27 0.025833129
6 129 1000 47 0.025859759
35 129 1000 65 0.025889278
106 129 1000 28 0.025930482
93 129 1000 1421 0.025939710
20 129 1000 26 0.025947883
91 129 1000 3027 0.025969466
84 129 1000 1456 0.026044090
20 129 1000 44 0.026217387
25 129 1000 37 0.026305936
31 129 1000 7863 0.026322277
39 129 1000 24 0.026335770
55 129 1000 17381 0.026353544
4 129 1000 1122 0.026353820
109 129 1000 61 0.026356548
12 129 1000 64 0.026356715
49 129 1000 48 0.026481586
6 129 1000 9 0.026536299
81 129 1000 490 0.026630141
87 129 1000 17 0.026646945
124 129 1000 2762 0.026734615
121 129 1000 4 0.026811930
74 129 1000 8 0.026813884
2 129 1000 15302 0.026821044
56 129 1000 12798 0.026861149
83 129 1000 40 0.026871847
32 129 1000 49 0.026900783
93 129 1000 60 0.026958512
109 129 1000 30 0.027005169
53 129 1000 2978 0.027120291
31 129 1000 9 0.027183947
98 129 1000 436 0.027210504
75 129 1000 130 0.027254909
104 129 1000 1 0.027255439
27 129 1000 8 0.027274634
10 129 1000 7248 0.027369071
95 129 1000 3988 0.027425931
112 129 1000 23924 0.027540418
65 129 1000 27 0.027570649
76 129 1000 75 0.027592050
75 129 1000 1 0.027620259
8 129 1000 434 0.027658165
9 129 1000 1 0.027692419
93 129 1000 5396 0.027721610
34 129 1000 1748 0.027773002
49 129 1000 46 0.027776697
65 129 1000 1706 0.027809520
87 129 1000 121 0.027819941
77 129 1000 4238 0.027893881
68 129 1000 7 0.027918693
8 129 1000 63 0.027982457
78 129 1000 5336 0.028008202
112 129 1000 169 0.028015631
85 129 1000 7 0.028076226
118 129 1000 313 0.028090938
41 129 1000 11 0.028116475
109 129 1000 3992 0.028129905
53 129 1000 2754 0.028140776
122 129 1000 72 0.028172701
103 129 1000 74 0.028226517
120 129 1000 38 0.028228151
69 129 1000 962 0.028293426
63 129 1000 165 0.028326293
14 129 1000 15 0.028365272
127 129 1000 8013 0.028367431
62 129 1000 1398 0.028377335
17 129 1000 3537 0.028410672
96 129 1000 188 0.028426475
40 129 1000 54 0.028431211
100 129 1000 71 0.028465156
40 129 1000 41 0.028471376
120 129 1000 149 0.028480250
66 129 1000 52 0.028550399
47 129 1000 20 0.028594955
43 129 1000 942 0.028642915
93 129 1000 2200 0.028672465
2 129 1000 1064 0.028778735
18 129 1000 1462 0.028819779
118 129 1000 63 0.028870583
62 129 1000 6778 0.028909121
9 129 1000 7 0.028961050
12 129 1000 441 0.029031196
55 129 1000 112 0.029033509
3 129 1000 826 0.029041073
26 129 1000 710 0.029048161
47 129 1000 1401 0.029055570
111 129 1000 28 0.029102269
45 129 1000 33 0.029152193
127 129 1000 2102 0.029181376
56 129 1000 1323 0.029221486
109 129 1000 9501 0.029229682
11 129 1000 9 0.029296482
61 129 1000 21 0.029366103
76 129 1000 76 0.029379216
20 129 1000 5594 0.029386005
91 129 1000 1852 0.029458834
66 129 1000 1809 0.029459969
39 129 1000 3960 0.029469334
68 129 1000 23 0.029495096
124 129 1000 1879 0.029548082
86 129 1000 791 0.029548887
17 129 1000 42 0.029555561
114 129 1000 1629 0.029558932
40 129 1000 972 0.029697634
85 129 1000 22 0.029784721
27 129 1000 27 0.029799640
62 129 1000 36 0.029819276
77 129 1000 6227 0.029850495
86 129 1000 6482 0.029872166
1 129 1000 22 0.029881450
111 129 1000 10 0.029899596
38 129 1000 40 0.029916538
34 129 1000 25 0.029955365
99 129 1000 65 0.029957391
39 129 1000 1676 0.029981925
111 129 1000 6072 0.030009122
8 129 1000 44 0.030017721
65 129 1000 60 0.030019106
100 129 1000 2858 0.030036858
19 129 1000 1643 0.030059246
91 129 1000 3563 0.030168958
45 129 1000 6 0.030200126
1 129 1000 133 0.030201745
119 129 1000 25207 0.030211374
85 129 1000 894 0.030220442
121 129 1000 3772 0.030247719
29 129 1000 2326 0.030285349
17 129 1000 1776 0.030338634
57 129 1000 60 0.030383360
77 129 1000 45 0.030387541
118 129 1000 163 0.030391797
39 129 1000 9 0.030489416
57 129 1000 16 0.030528889
119 129 1000 5205 0.030576916
49 129 1000 68 0.030663145
104 129 1000 602 0.030774956
27 129 1000 23 0.030786722
8 129 1000 142 0.030870650
44 129 1000 22 0.030880709
79 129 1000 1513 0.030938507
76 129 1000 0 0.031033667
38 129 1000 53 0.031045150
63 129 1000 1 0.031091822
19 129 1000 1823 0.031116844
34 129 1000 4 0.031160313
90 129 1000 792 0.031182874
104 129 1000 26 0.031245444
17 129 1000 1546 0.031352877
2 129 1000 53 0.031401241
90 129 1000 2478 0.031485670
31 129 1000 36 0.031491063
103 129 1000 216 0.031501242
128 129 1000 280 0.031603818
28 129 1000 1313 0.031613504
97 129 1000 15 0.031619302
127 129 1000 7 0.031708971
55 129 1000 71 0.031714382
102 129 1000 39 0.031718154
119 129 1000 92 0.031727069
115 129 1000 536 0.031813775
101 129 1000 2034 0.031850850
128 129 1000 8 0.031883334
23 129 1000 37 0.031930190
3 129 1000 6165 0.031942413
111 129 1000 307 0.031993517
114 129 1000 70 0.032012381
100 129 1000 65 0.032012777
68 129 1000 6 0.032015312
53 129 1000 26 0.032104665
39 129 1000 42 0.032179977
114 129 1000 24 0.032189330
94 129 1000 1269 0.032205455
92 129 1000 1550 0.032214801
28 129 1000 5 0.032220911
66 129 1000 9 0.032257472
67 129 1000 24 0.032280020
89 129 1000 217 0.032285269
57 129 1000 1 0.032301118
37 129 1000 19 0.032366544
71 129 1000 1335 0.032373477
37 129 1000 18 0.032407768
31 129 1000 8 0.032412512
86 129 1000 29 0.032497827
37 129 1000 8534 0.032551020
115 129 1000 4316 0.032570582
10 129 1000 1 0.032655016
65 129 1000 3124 0.032772143
50 129 1000 102 0.032826877
20 129 1000 73 0.032857264
112 129 1000 8342 0.032861098
124 129 1000 8395 0.032898158
91 129 1000 1 0.032943458
110 129 1000 2775 0.032957120
61 129 1000 97 0.032976583
9 129 1000 47 0.032982626
98 129 1000 65 0.033041892
107 129 1000 1174 0.033083965
40 129 1000 48 0.033151944
110 129 1000 52 0.033157826
60 129 1000 4727 0.033191235
83 129 1000 19 0.033217855
101 129 1000 6 0.033263414
49 129 1000 16 0.033318462
33 129 1000 9376 0.033321408
55 129 1000 1072 0.033496201
48 129 1000 4658 0.033525451
116 129 1000 53 0.033611020
77 129 1000 1349 0.033615464
117 129 1000 2571 0.033635494
3 129 1000 659 0.033645590
22 129 1000 32 0.033651936
95 129 1000 32 0.033670705
18 129 1000 126 0.033701517
65 129 1000 24 0.033754189
76 129 1000 1 0.033883201
86 129 1000 26 0.033941454
54 129 1000 34 0.033968182
76 129 1000 1034 0.034074105
48 129 1000 12 0.034078490
26 129 1000 76 0.034087198
73 129 1000 51 0.034087967
44 129 1000 8096 0.034093213
60 129 1000 8142 0.034175427
73 129 1000 4257 0.034260898
108 129 1000 57 0.034266365
64 129 1000 69 0.034267297
77 129 1000 3484 0.034334833
7 129 1000 130 0.034344005
32 129 1000 75 0.034346073
69 129 1000 9 0.034346300
56 129 1000 4 0.034367366
24 129 1000 67 0.034484899
77 129 1000 35 0.034513329
82 129 1000 874 0.034530650
19 129 1000 451 0.034598398
124 129 1000 18 0.034725083
65 129 1000 2723 0.034782345
12 129 1000 25 0.034792946
16 129 1000 71 0.034827303
69 129 1000 10 0.034827922
91 129 1000 7 0.034883797
99 129 1000 487 0.034999546
97 129 1000 917 0.035005586
42 129 1000 4723 0.035020931
63 129 1000 6 0.035074039
30 129 1000 1 0.035086587
117 129 1000 18 0.035198430
58 129 1000 41 0.035272666
33 129 1000 12207 0.035316258
61 129 1000 428 0.035433835
64 129 1000 12734 0.035500962
118 129 1000 1191 0.035508034
50 129 1000 1713 0.035534827
39 129 1000 4 0.035575358
23 129 1000 25 0.035642400
71 129 1000 56 0.035654910
122 129 1000 8 0.035674031
85 129 1000 20998 0.035889317
63 129 1000 31 0.035913001
45 129 1000 25 0.035991787
5 129 1000 7881 0.035993091
122 129 1000 28 0.036003067
60 129 1000 2988 0.036035656
15 129 1000 21 0.036072430
49 129 1000 36 0.036092013
77 129 1000 1704 0.036277451
95 129 1000 160 0.036318059
99 129 1000 171 0.036335205
6 129 1000 46 0.036428643
92 129 1000 21 0.036541847
41 129 1000 10 0.036544239
95 129 1000 19 0.036560117
57 129 1000 1248 0.036633671
65 129 1000 1701 0.036640139
90 129 1000 6878 0.036777048
37 129 1000 1257 0.036840202
83 129 1000 12157 0.036843168
104 129 1000 145 0.036850134
37 129 1000 707 0.036879384
78 129 1000 47 0.036918333
10 129 1000 2 0.036971535
55 129 1000 3 0.037054913
12 129 1000 4350 0.037079937
80 129 1000 18 0.037101467
1 129 1000 52 0.037112193
54 129 1000 1844 0.037123211
56 129 1000 19267 0.037136100
118 129 1000 62 0.037143029
32 129 1000 5353 0.037144598
42 129 1000 72 0.037193793
114 129 1000 2 0.037202679
97 129 1000 22 0.037290421
59 129 1000 33 0.037341185
103 129 1000 110 0.037386372
99 129 1000 33 0.037389857
50 129 1000 3729 0.037474453
57 129 1000 1094 0.037507777
123 129 1000 22 0.037511334
107 129 1000 64 0.037522785
50 129 1000 1579 0.037536645
76 129 1000 3308 0.037589461
128 129 1000 5 0.037596425
56 129 1000 26 0.037668981
90 129 1000 854 0.037684283
114 129 1000 107 0.037692522
1 129 1000 52 0.037692923
58 129 1000 1302 0.037736810
47 129 1000 70 0.037757846
93 129 1000 184 0.037766912
126 129 1000 72 0.037775298
52 129 1000 202 0.037820172
53 129 1000 4473 0.037872765
101 129 1000 23 0.037908773
121 129 1000 652 0.037921194
48 129 1000 9 0.037932188
112 129 1000 1140 0.037983529
22 129 1000 135 0.037985871
28 129 1000 144 0.037993826
63 129 1000 0 0.038025739
30 129 1000 684 0.038078657
44 129 1000 13509 0.038086862
115 129 1000 2106 0.038183227
42 129 1000 2606 0.038197833
98 129 1000 15 0.038208748
125 129 1000 3764 0.038274596
53 129 1000 8 0.038291383
26 129 1000 44 0.038418528
42 129 1000 61 0.038442388
92 129 1000 1738 0.038590675
75 129 1000 57 0.038632405
15 129 1000 33 0.038671184
55 129 1000 43 0.038674738
117 129 1000 6 0.038716121
33 129 1000 47 0.038737947
123 129 1000 6 0.038744426
38 129 1000 5870 0.038782743
44 129 1000 175 0.038786396
19 129 1000 18 0.038805681
43 129 1000 7348 0.038838057
17 129 1000 43 0.038848924
43 129 1000 2495 0.038871273
76 129 1000 25 0.038874787
30 129 1000 1879 0.038901060
114 129 1000 2 0.038922899
97 129 1000 464 0.038958612
20 129 1000 23212 0.039040380
122 129 1000 3399 0.039040424
26 129 1000 1 0.039044393
46 129 1000 9164 0.039065154
18 129 1000 65 0.039103454
28 129 1000 4700 0.039113467
118 129 1000 794 0.039129244
97 129 1000 6 0.039131960
37 129 1000 20619 0.039158397
67 129 1000 21 0.039216165
69 129 1000 2968 0.039231747
20 129 1000 2538 0.039292879
27 129 1000 5479 0.039325115
107 129 1000 8 0.039348687
15 129 1000 58 0.039394478
77 129 1000 864 0.039420348
68 129 1000 7631 0.039442486
37 129 1000 21 0.039483220
3 129 1000 44 0.039516052
87 129 1000 65 0.039695956
86 129 1000 104 0.039800782
116 129 1000 3721 0.039901396
71 129 1000 68 0.039926419
6 129 1000 8571 0.039985950
26 129 1000 6 0.040010875
69 129 1000 55 0.040040731
58 129 1000 5972 0.040064276
28 129 1000 4828 0.040077539
106 129 1000 477 0.040080804
42 129 1000 26 0.040090175
128 129 1000 346 0.040169356
2 129 1000 18 0.040250948
94 129 1000 4025 0.040270970
12 129 1000 67 0.040333037
108 129 1000 1520 0.040426431
122 129 1000 80 0.040433618
105 129 1000 1282 0.040434060
29 129 1000 591 0.040482908
102 129 1000 19 0.040509088
28 129 1000 8395 0.040589346
119 129 1000 5 0.040639362
92 129 1000 185 0.040653529
117 129 1000 327 0.040664609
67 129 1000 769 0.040670012
72 129 1000 4 0.040688394
78 129 1000 162 0.040747623
35 129 1000 786 0.040781082
126 129 1000 678 0.040813989
16 129 1000 27 0.040820645
19 129 1000 24 0.040852754
30 129 1000 121 0.040880649
32 129 1000 2749 0.040886976
110 129 1000 22 0.040905267
59 129 1000 7 0.040938206
3 129 1000 887 0.040957303
52 129 1000 29 0.040966563
46 129 1000 6 0.041085726
80 129 1000 43 0.041090090
127 129 1000 31 0.041101150
29 129 1000 20 0.041178372
56 129 1000 158 0.041230843
56 129 1000 21232 0.041257891
36 129 1000 7 0.041334417
125 129 1000 74 0.041366010
39 129 1000 1628 0.041367512
67 129 1000 73 0.041378371
38 129 1000 4760 0.041381235
42 129 1000 16624 0.041477330
104 129 1000 72 0.041494853
7 129 1000 22290 0.041590049
7 129 1000 810 0.041711922
16 129 1000 1230 0.041767819
126 129 1000 5302 0.041780110
45 129 1000 6238 0.041800180
109 129 1000 910 0.041910919
18 129 1000 17 0.041929972
27 129 1000 22 0.042021005
18 129 1000 7 0.042044272
71 129 1000 43 0.042082269
11 129 1000 11 0.042107281
110 129 1000 785 0.042146800
128 129 1000 906 0.042170492
96 129 1000 3775 0.042223074
16 129 1000 594 0.042223576
106 129 1000 2 0.042279537
51 129 1000 6 0.042293358
41 129 1000 0 0.042302739
103 129 1000 2021 0.042308193
102 129 1000 2 0.042322262
124 129 1000 952 0.042363725
13 129 1000 9315 0.042365527
114 129 1000 31 0.042464969
12 129 1000 2405 0.042541056
75 129 1000 29 0.042553133
53 129 1000 21 0.042581877
82 129 1000 14 0.042606566
103 129 1000 17449 0.042695213
101 129 1000 22 0.042821751
42 129 1000 391 0.042890235
81 129 1000 0 0.042910543
70 129 1000 97 0.042984762
28 129 1000 1678 0.043085236
31 129 1000 20 0.043088494
4 129 1000 7745 0.043166422
25 129 1000 1489 0.043184615
23 129 1000 22 0.043335752
43 129 1000 600 0.043363875
97 129 1000 27 0.043413016
59 129 1000 4172 0.043461772
57 129 1000 54 0.043473831
128 129 1000 41 0.043478027
127 129 1000 4252 0.043551435
35 129 1000 407 0.043555670
116 129 1000 49 0.043568681
101 129 1000 6643 0.043667055
48 129 1000 44 0.043681926
90 129 1000 36 0.043699538
26 129 1000 46 0.043701023
91 129 1000 69 0.043703453
110 129 1000 15 0.043790660
126 129 1000 54 0.043866445
91 129 1000 10891 0.043923363
108 129 1000 1010 0.043979586
48 129 1000 7805 0.043983923
117 129 1000 0 0.044028137
9 129 1000 27 0.044059652
42 129 1000 75 0.044060111
66 129 1000 45 0.044069334
8 129 1000 1039 0.044090772
75 129 1000 11 0.044091625
75 129 1000 5 0.044138956
122 129 1000 13429 0.044168885
11 129 1000 23 0.044216652
1 129 1000 48 0.044271294
12 129 1000 212 0.044289165
111 129 1000 3 0.044313351
50 129 1000 2541 0.044389089
11 129 1000 45 0.044491033
67 129 1000 112 0.044500418
50 129 1000 4746 0.044520699
95 129 1000 5 0.044598160
100 129 1000 30 0.044618446
41 129 1000 0 0.044697542
67 129 1000 1826 0.044729455
43 129 1000 18 0.044733001
124 129 1000 128 0.044757262
9 129 1000 861 0.044783187
5 129 1000 90 0.044842478
61 129 1000 13 0.044850230
52 129 1000 71 0.044881655
119 129 1000 971 0.044895632
90 129 1000 48 0.044906125
119 129 1000 27 0.044923541
69 129 1000 42 0.044983198
27 129 1000 3226 0.044985704
55 129 1000 102 0.045055553
3 129 1000 24982 0.045080446
51 129 1000 67 0.045091493
89 129 1000 1131 0.045190341
117 129 1000 35 0.045216620
76 129 1000 128 0.045225305
12 129 1000 15033 0.045230977
34 129 1000 2531 0.045274069
6 129 1000 990 0.045313308
78 129 1000 535 0.045322138
100 129 1000 2881 0.045368783
27 129 1000 71 0.045420652
56 129 1000 11 0.045454971
30 129 1000 787 0.045555573
15 129 1000 46 0.045644789
83 129 1000 27189 0.045720228
23 129 1000 552 0.045750977
108 129 1000 154 0.045803278
13 129 1000 20 0.045830309
4 129 1000 111 0.045866232
15 129 1000 7 0.045926484
11 129 1000 74 0.045936887
31 129 1000 8741 0.045973055
96 129 1000 3153 0.045984343
103 129 1000 4305 0.045989637
17 129 1000 1533 0.045997865
1 129 1000 48 0.046059204
17 129 1000 75 0.046091013
94 129 1000 34 0.046092114
16 129 1000 186 0.046131401
8 129 1000 66 0.046157928
12 129 1000 165 0.046206073
92 129 1000 2989 0.046261827
21 129 1000 29 0.046308282
118 129 1000 6444 0.046345368
72 129 1000 2 0.046369370
90 129 1000 2712 0.046376181
77 129 1000 26 0.046378542
50 129 1000 50 0.046552061
39 129 1000 1160 0.046602006
62 129 1000 73 0.046690494
2 129 1000 1127 0.046697936
42 129 1000 62 0.046698224
81 129 1000 734 0.046784663
43 129 1000 157 0.046868909
90 129 1000 1339 0.046939798
100 129 1000 119 0.046944566
25 129 1000 28 0.047024225
103 129 1000 58 0.047028706
28 129 1000 3 0.047078621
84 129 1000 1190 0.047082586
82 129 1000 151 0.047083555
120 129 1000 6440 0.047129192
14 129 1000 359 0.047187497
19 129 1000 1 0.047219690
19 129 1000 1 0.047239598
114 129 1000 13836 0.047290221
123 129 1000 2079 0.047332310
29 129 1000 3338 0.047370780
33 129 1000 2018 0.047439448
108 129 1000 19 0.047480357
80 129 1000 58 0.047488422
33 129 1000 47 0.047515666
24 129 1000 21 0.047542128
106 129 1000 39 0.047592840
93 129 1000 702 0.047619472
91 129 1000 6232 0.047621016
19 129 1000 65 0.047643377
13 129 1000 11 0.047655384
80 129 1000 2456 0.047667081
42 129 1000 9 0.047680599
54 129 1000 4453 0.047681207
82 129 1000 57 0.047696278
49 129 1000 1 0.047704639
71 129 1000 5880 0.047724909
4 129 1000 21237 0.047727118
6 129 1000 71 0.047732320
54 129 1000 3282 0.047737376
78 129 1000 794 0.047752098
37 129 1000 41 0.047820550
120 129 1000 10940 0.047826575
117 129 1000 7 0.047867972
85 129 1000 12 0.047904220
85 129 1000 1335 0.047925544
73 129 1000 58 0.047927100
118 129 1000 1 0.047983664
120 129 1000 51 0.047987496
68 129 1000 27 0.047990801
110 129 1000 8 0.048005812
101 129 1000 1413 0.048012335
104 129 1000 14 0.048040657
5 129 1000 7218 0.048071639
100 129 1000 7 0.048107628
38 129 1000 19 0.048133024
103 129 1000 547 0.048206073
45 129 1000 200 0.048307179
39 129 1000 5261 0.048333303
57 129 1000 22 0.048341144
111 129 1000 47 0.048357490
114 129 1000 7 0.048364984
68 129 1000 1539 0.048441901
62 129 1000 17843 0.048447606
72 129 1000 17 0.048456719
21 129 1000 39 0.048497245
59 129 1000 8 0.048512067
121 129 1000 42 0.048531339
48 129 1000 1428 0.048562383
93 129 1000 37 0.048570917
33 129 1000 19 0.048573195
87 129 1000 2622 0.048612453
123 129 1000 7850 0.048620447
36 129 1000 26 0.048631256
51 129 1000 61 0.048641097
93 129 1000 26 0.048652708
98 129 1000 22 0.048685339
108 129 1000 166 0.048687462
62 129 1000 7 0.048689217
72 129 1000 3 0.048723328
9 129 1000 1684 0.048768265
98 129 1000 43 0.048776723
1 129 1000 5 0.048843706
52 129 1000 1651 0.049021377
33 129 1000 1414 0.049045777
6 129 1000 4724 0.049081344
72 129 1000 139 0.049115500
58 129 1000 786 0.049138665
35 129 1000 7707 0.049158770
21 129 1000 198 0.049172090
55 129 1000 28 0.049267552
21 129 1000 47 0.049281872
126 129 1000 22 0.049362468
74 129 1000 66 0.049402913
128 129 1000 29 0.049463061
128 129 1000 21 0.049492316
113 129 1000 3 0.049497520
29 129 1000 22 0.049534088
72 129 1000 4131 0.049534976
4 129 1000 15 0.049541914
61 129 1000 1014 0.049568685
97 129 1000 26 0.049629105
125 129 1000 1698 0.049652781
99 129 1000 606 0.049680717
15 129 1000 127 0.049695614
54 129 1000 3 0.049740918
3 129 1000 65 0.049793808
22 129 1000 216 0.049880392
26 129 1000 14 0.049891481
127 129 1000 70 0.049923151
38 129 1000 205 0.049964408
60 129 1000 50 0.049991216
2 129 1000 1339 0.049993072
34 129 1000 38 0.050067914
50 129 1000 2 0.050134478
40 129 1000 685 0.050172384
121 129 1000 34 0.050219684
45 129 1000 453 0.050232828
43 129 1000 6 0.050256746
5 129 1000 68 0.050275481
30 129 1000 35 0.050298708
75 129 1000 37 0.050432527
12 129 1000 58 0.050449681
23 129 1000 105 0.050478616
115 129 1000 13 0.050491825
77 129 1000 0 0.050524198
47 129 1000 39 0.050546514
82 129 1000 23 0.050554123
103 129 1000 26 0.050564805
45 129 1000 31 0.050603569
74 129 1000 39 0.050611534
104 129 1000 1571 0.050656900
66 129 1000 1788 0.050696964
1 129 1000 17 0.050704864
46 129 1000 32 0.050707505
30 129 1000 538 0.050755660
125 129 1000 43 0.050794969
49 129 1000 74 0.050837696
123 129 1000 8122 0.050848324
93 129 1000 100 0.050914331
105 129 1000 5880 0.050918682
115 129 1000 58 0.050984832
54 129 1000 16376 0.051013601
26 129 1000 31 0.051014116
9 129 1000 111 0.051017803
9 129 1000 621 0.051021493
102 129 1000 8 0.051116569
39 129 1000 130 0.051151336
78 129 1000 3344 0.051178339
105 129 1000 2 0.051264510
93 129 1000 1012 0.051324677
111 129 1000 20 0.051358143
1 129 1000 32 0.051409655
66 129 1000 23 0.051515530
49 129 1000 8 0.051520222
126 129 1000 15 0.051523177
80 129 1000 403 0.051548589
58 129 1000 146 0.051658881
29 129 1000 26587 0.051751118
91 129 1000 22 0.051833881
76 129 1000 40 0.051838644
128 129 1000 1 0.051929947
19 129 1000 2547 0.051953608
26 129 1000 109 0.051961195
84 129 1000 4 0.051995449
1 129 1000 3274 0.052028964
39 129 1000 5755 0.052107331
92 129 1000 35 0.052111617
99 129 1000 671 0.052139734
91 129 1000 63 0.052216661
106 129 1000 1234 0.052264718
118 129 1000 41 0.052271298
14 129 1000 8 0.052282259
107 129 1000 1221 0.052298491
32 129 1000 5760 0.052353360
107 129 1000 2895 0.052394250
33 129 1000 2783 0.052481923
100 129 1000 64 0.052495505
53 129 1000 8449 0.052499183
26 129 1000 1043 0.052524027
125 129 1000 54 0.052594711
36 129 1000 20 0.052658563
103 129 1000 70 0.052659802
38 129 1000 32 0.052664420
63 129 1000 630 0.052708495
42 129 1000 552 0.052785639
75 129 1000 1139 0.052790998
34 129 1000 1847 0.052803720
124 129 1000 34 0.052812126
91 129 1000 179 0.052850337
126 129 1000 1808 0.052878749
81 129 1000 32 0.052921636
47 129 1000 4 0.052941417
122 129 1000 194 0.052946164
119 129 1000 1343 0.052956452
81 129 1000 1909 0.052988700
62 129 1000 1087 0.053005886
120 129 1000 17 0.053014512
80 129 1000 7 0.053016579
113 129 1000 2252 0.053020397
58 129 1000 3142 0.053133129
10 129 1000 122 0.053180148
17 129 1000 30 0.053195684
59 129 1000 50 0.053200498
47 129 1000 1047 0.053204300
74 129 1000 23 0.053233219
29 129 1000 70 0.053375399
89 129 1000 70 0.053432977
117 129 1000 64 0.053488172
115 129 1000 1724 0.053583684
100 129 1000 5701 0.053614587
10 129 1000 666 0.053651844
110 129 1000 9 0.053694754
106 129 1000 495 0.053732324
70 129 1000 146 0.053776680
73 129 1000 1673 0.053797934
37 129 1000 76 0.053801078
55 129 1000 917 0.053809301
110 129 1000 42 0.053838601
52 129 1000 601 0.053894399
125 129 1000 107 0.053960072
94 129 1000 843 0.054082394
100 129 1000 14 0.054154962
100 129 1000 3771 0.054193320
125 129 1000 1951 0.054202390
31 129 1000 9425 0.054248424
31 129 1000 1094 0.054250433
57 129 1000 1442 0.054328338
6 129 1000 159 0.054398178
69 129 1000 0 0.054398808
107 129 1000 103 0.054413669
87 129 1000 64 0.054499615
66 129 1000 477 0.054531952
3 129 1000 30 0.054617453
52 129 1000 23 0.054646932
54 129 1000 68 0.054661910
121 129 1000 1498 0.054696657
78 129 1000 49 0.054699796
119 129 1000 15 0.054719415
54 129 1000 37 0.054723131
65 129 1000 562 0.054837122
79 129 1000 118 0.054846590
56 129 1000 4 0.054850490
108 129 1000 8203 0.054860099
17 129 1000 1477 0.055023290
110 129 1000 590 0.055035261
2 129 1000 46 0.055037409
41 129 1000 1403 0.055057839
26 129 1000 843 0.055193740
67 129 1000 3071 0.055211808
68 129 1000 14 0.055253552
11 129 1000 10 0.055276895
53 129 1000 2 0.055380139
100 129 1000 120 0.055397538
90 129 1000 1274 0.055488419
104 129 1000 1339 0.055507435
49 129 1000 0 0.055509001
65 129 1000 7849 0.055613483
45 129 1000 6 0.055787544
20 129 1000 1251 0.055840294
120 129 1000 37 0.055904523
47 129 1000 91 0.055906556
30 129 1000 0 0.055931000
24 129 1000 41 0.055988000
126 129 1000 1867 0.055994451
31 129 1000 28 0.056030636
68 129 1000 22399 0.056077205
76 129 1000 41 0.056113388
120 129 1000 70 0.056138309
37 129 1000 189 0.056140624
117 129 1000 25 0.056212594
61 129 1000 46 0.056261952
26 129 1000 135 0.056264713
19 129 1000 1720 0.056338721
111 129 1000 259 0.056452877
73 129 1000 9201 0.056453696
122 129 1000 45 0.056478551
56 129 1000 86 0.056602368
56 129 1000 23 0.056623231
127 129 1000 17 0.056683076
101 129 1000 748 0.056719304
93 129 1000 1597 0.056737007
86 129 1000 1014 0.056745867
14 129 1000 60 0.056802719
93 129 1000 28 0.056810364
30 129 1000 289 0.056827397
27 129 1000 53 0.056830756
107 129 1000 7599 0.056899473
14 129 1000 122 0.056947775
88 129 1000 1 0.056982025
45 129 1000 25 0.056990096
81 129 1000 29 0.057168446
71 129 1000 20078 0.057216534
8 129 1000 5 0.057219637
71 129 1000 1423 0.057261551
88 129 1000 25 0.057315807
15 129 1000 6 0.057340911
57 129 1000 1182 0.057366533
115 129 1000 141 0.057402743
56 129 1000 8 0.057446300
67 129 1000 6 0.057455754
95 129 1000 5 0.057548886
116 129 1000 707 0.057561743
35 129 1000 47 0.057632416
97 129 1000 1665 0.057651227
92 129 1000 136 0.057714964
28 129 1000 14 0.057740041
42 129 1000 1748 0.057777709
78 129 1000 389 0.057832577
5 129 1000 1799 0.057866054
81 129 1000 140 0.057941745
66 129 1000 434 0.057953180
16 129 1000 61 0.058013289
62 129 1000 70 0.058022567
90 129 1000 3819 0.058025306
128 129 1000 3495 0.058061231
40 129 1000 6959 0.058131578
29 129 1000 45 0.058156095
99 129 1000 8509 0.058168526
45 129 1000 5 0.058187351
32 129 1000 113 0.058196718
9 129 1000 27566 0.058232733
45 129 1000 128 0.058233884
94 129 1000 759 0.058244589
55 129 1000 29 0.058247991
116 129 1000 37 0.058348835
30 129 1000 1104 0.058358420
70 129 1000 38 0.058359465
77 129 1000 24 0.058414089
14 129 1000 52 0.058509198
43 129 1000 4 0.058567481
87 129 1000 1304 0.058606629
94 129 1000 10862 0.058642442
77 129 1000 106 0.058677837
72 129 1000 554 0.058703441
78 129 1000 722 0.058718914
83 129 1000 1661 0.058725990
38 129 1000 35 0.058728682
56 129 1000 66 0.058746693
58 129 1000 58 0.058746766
29 129 1000 63 0.058749987
32 129 1000 54 0.058780216
14 129 1000 74 0.058864312
123 129 1000 44 0.058894944
117 129 1000 24 0.058933129
82 129 1000 8151 0.058971432
32 129 1000 5 0.059204220
119 129 1000 25 0.059221289
68 129 1000 836 0.059235297
74 129 1000 68 0.059327205
116 129 1000 317 0.059328291
12 129 1000 1945 0.059329790
51 129 1000 8543 0.059377314
95 129 1000 13 0.059441140
17 129 1000 55 0.059526014
101 129 1000 5 0.059549203
52 129 1000 5952 0.059561295
27 129 1000 62 0.059574992
103 129 1000 1851 0.059629861
22 129 1000 1802 0.059652503
39 129 1000 7925 0.059655723
99 129 1000 40 0.059674659
75 129 1000 26 0.059688285
1 129 1000 27 0.059768394
96 129 1000 7 0.059802266
32 129 1000 7 0.059846674
106 129 1000 22 0.059866217
9 129 1000 48 0.059881987
55 129 1000 19 0.059973928
50 129 1000 38 0.059987902
70 129 1000 56 0.059987957
90 129 1000 499 0.060002181
51 129 1000 17 0.060031447
30 129 1000 446 0.060054398
25 129 1000 1585 0.060067209
115 129 1000 8 0.060069756
96 129 1000 16 0.060125461
46 129 1000 46 0.060224881
36 129 1000 15 0.060269544
66 129 1000 19 0.060291394
102 129 1000 1516 0.060377333
91 129 1000 1596 0.060485543
61 129 1000 188 0.060534406
74 129 1000 4724 0.060637404
36 129 1000 170 0.060747512
110 129 1000 3678 0.060755629
60 129 1000 1643 0.060758108
109 129 1000 1 0.060763532
99 129 1000 448 0.060771382
92 129 1000 143 0.060771582
73 129 1000 3066 0.060778102
118 129 1000 2669 0.060785436
109 129 1000 2887 0.060853501
76 129 1000 1 0.060888382
4 129 1000 207 0.060941151
88 129 1000 1705 0.060943101
126 129 1000 23 0.060980159
110 129 1000 15 0.061000686
123 129 1000 9285 0.061027630
57 129 1000 32 0.061046119
54 129 1000 8 0.061088781
114 129 1000 1 0.061117946
106 129 1000 41 0.061141202
19 129 1000 5 0.061156393
106 129 1000 5524 0.061208780
80 129 1000 231 0.061210240
63 129 1000 4 0.061225102
27 129 1000 55 0.061236581
128 129 1000 96 0.061262120
28 129 1000 16104 0.061273340
73 129 1000 454 0.061275998
66 129 1000 4111 0.061330141
17 129 1000 120 0.061353867
57 129 1000 60 0.061380653
31 129 1000 33 0.061398514
17 129 1000 65 0.061444753
56 129 1000 729 0.061471028
24 129 1000 16 0.061505482
117 129 1000 100 0.061535432
54 129 1000 29 0.061587701
56 129 1000 7541 0.061589604
32 129 1000 11206 0.061629732
53 129 1000 807 0.061669019
57 129 1000 24 0.061727737
61 129 1000 62 0.061759282
82 129 1000 73 0.061762147
82 129 1000 100 0.061837428
67 129 1000 695 0.061865256
24 129 1000 29 0.061943145
125 129 1000 68 0.061998100
80 129 1000 27 0.062026861
96 129 1000 85 0.062060248
28 129 1000 61 0.062077132
9 129 1000 14 0.062134270
121 129 1000 4542 0.062151720
47 129 1000 64 0.062176374
81 129 1000 15 0.062224657
5 129 1000 23 0.062247514
81 129 1000 1184 0.062274328
53 129 1000 3687 0.062288939
99 129 1000 33 0.062296907
97 129 1000 64 0.062309649
83 129 1000 176 0.062369786
69 129 1000 8897 0.062442701
91 129 1000 8231 0.062443875
125 129 1000 33 0.062457973
65 129 1000 1568 0.062504682
78 129 1000 3478 0.062608460
13 129 1000 43 0.062640117
19 129 1000 18 0.062665435
91 129 1000 5 0.062689563
7 129 1000 46 0.062702080
60 129 1000 20 0.062719954
122 129 1000 850 0.062747587
67 129 1000 66 0.062875580
15 129 1000 1437 0.063068211
65 129 1000 38 0.063122691
45 129 1000 188 0.063174031
32 129 1000 156 0.063226709
22 129 1000 23 0.063250341
23 129 1000 60 0.063266865
87 129 1000 31 0.063292522
30 129 1000 48 0.063352505
2 129 1000 35 0.063354714
117 129 1000 3 0.063360716
6 129 1000 13 0.063426687
108 129 1000 1296 0.063459369
3 129 1000 71 0.063538621
9 129 1000 3 0.063574624
26 129 1000 2476 0.063578284
112 129 1000 25 0.063594022
63 129 1000 42 0.063681856
115 129 1000 1285 0.063697169
20 129 1000 5 0.063703254
21 129 1000 20 0.063712607
63 129 1000 12 0.063714352
11 129 1000 15 0.063720817
4 129 1000 45 0.063814165
7 129 1000 2165 0.063821414
89 129 1000 1 0.063862909
26 129 1000 6156 0.063881487
4 129 1000 0 0.064047078
89 129 1000 63 0.064135150
45 129 1000 2761 0.064143317
24 129 1000 66 0.064144813
82 129 1000 522 0.064204112
104 129 1000 5845 0.064271860
18 129 1000 372 0.064329769
119 129 1000 3123 0.064410139
107 129 1000 247 0.064433871
117 129 1000 156 0.064455125
85 129 1000 5 0.064486690
121 129 1000 111 0.064525563
79 129 1000 47 0.064549178
36 129 1000 45 0.064585455
108 129 1000 75 0.064591077
77 129 1000 5 0.064760816
10 129 1000 12143 0.064766425
102 129 1000 41 0.064862458
67 129 1000 25 0.064863962
51 129 1000 5 0.064884752
63 129 1000 7 0.064895717
22 129 1000 695 0.065005325
109 129 1000 2 0.065046993
67 129 1000 358 0.065062806
1 129 1000 27 0.065095764
6 129 1000 164 0.065174930
36 129 1000 7531 0.065190102
65 129 1000 1962 0.065253659
76 129 1000 5254 0.065272406
54 129 1000 1491 0.065290287
73 129 1000 0 0.065306630
107 129 1000 3809 0.065366806
96 129 1000 3794 0.065389949
9 129 1000 6216 0.065481945
1 129 1000 1618 0.065487721
83 129 1000 16 0.065494886
50 129 1000 69 0.065543712
110 129 1000 438 0.065554109
5 129 1000 4258 0.065591761
56 129 1000 4556 0.065609934
112 129 1000 245 0.065626047
53 129 1000 800 0.065711897
21 129 1000 21 0.065714007
37 129 1000 761 0.065722805
91 129 1000 2 0.065777212
111 129 1000 25 0.065835309
84 129 1000 127 0.065881939
3 129 1000 7 0.065976127
40 129 1000 157 0.065986415
54 129 1000 51 0.066031457
17 129 1000 8 0.066040886
85 129 1000 23 0.066072736
68 129 1000 10 0.066099784
31 129 1000 25484 0.066111144
10 129 1000 985 0.066162178
47 129 1000 369 0.066163503
115 129 1000 1352 0.066184521
19 129 1000 143 0.066190808
31 129 1000 1652 0.066317311
109 129 1000 25 0.066372105
68 129 1000 12 0.066399363
114 129 1000 14 0.066427324
123 129 1000 25 0.066430075
33 129 1000 28 0.066451956
21 129 1000 1553 0.066459592
54 129 1000 22 0.066482285
11 129 1000 4731 0.066501966
42 129 1000 354 0.066586721
114 129 1000 382 0.066629729
5 129 1000 1448 0.066634265
106 129 1000 15 0.066638245
121 129 1000 0 0.066638952
123 129 1000 14416 0.066659723
35 129 1000 22 0.066700802
121 129 1000 190 0.066774836
55 129 1000 144 0.066915017
96 129 1000 4343 0.066944771
34 129 1000 75 0.066990260
121 129 1000 8 0.067031940
93 129 1000 6977 0.067084425
98 129 1000 62 0.067180786
38 129 1000 29 0.067233454
88 129 1000 66 0.067233969
5 129 1000 2323 0.067279596
46 129 1000 16 0.067323303
21 129 1000 46 0.067332020
122 129 1000 27 0.067350781
118 129 1000 4271 0.067422998
50 129 1000 3141 0.067472419
11 129 1000 4483 0.067585652
57 129 1000 54 0.067600292
53 129 1000 115 0.067648347
61 129 1000 56 0.067653044
109 129 1000 32 0.067661480
69 129 1000 2261 0.067762255
126 129 1000 1395 0.067784435
107 129 1000 12 0.067791643
30 129 1000 159 0.067800204
11 129 1000 25 0.067841738
95 129 1000 4330 0.067906892
111 129 1000 2084 0.067940604
46 129 1000 29 0.067946718
127 129 1000 32 0.067961403
65 129 1000 117 0.067961860
80 129 1000 23 0.067965727
108 129 1000 25 0.067986882
64 129 1000 4 0.067993606
41 129 1000 19 0.068039544
116 129 1000 7876 0.068161570
3 129 1000 16 0.068238293
40 129 1000 1536 0.068258762
34 129 1000 1083 0.068362037
22 129 1000 72 0.068366104
3 129 1000 31 0.068581388
74 129 1000 5 0.068587020
20 129 1000 844 0.068617184
125 129 1000 0 0.068664572
16 129 1000 232 0.068670943
74 129 1000 6724 0.068715473
77 129 1000 7 0.068728282
73 129 1000 1066 0.068740814
36 129 1000 65 0.068751303
16 129 1000 9346 0.068818496
117 129 1000 58 0.068825519
95 129 1000 27 0.068827282
50 129 1000 4 0.068831920
91 129 1000 134 0.068862677
19 129 1000 15 0.068929227
13 129 1000 11 0.068945498
47 129 1000 67 0.068953553
38 129 1000 27 0.069037899
3 129 1000 47 0.069055482
20 129 1000 2 0.069061128
43 129 1000 2 0.069063614
35 129 1000 14 0.069171345
26 129 1000 7013 0.069282831
122 129 1000 29 0.069377146
127 129 1000 310 0.069411106
83 129 1000 889 0.069497139
105 129 1000 603 0.069504661
10 129 1000 40 0.069510326
103 129 1000 1 0.069522578
1 129 1000 652 0.069531442
127 129 1000 1743 0.069645720
69 129 1000 5 0.069693079
121 129 1000 91 0.069786501
63 129 1000 51 0.069786971
111 129 1000 20 0.069793749
12 129 1000 1869 0.069796560
87 129 1000 454 0.069811358
50 129 1000 44 0.069924598
118 129 1000 44 0.069941026
75 129 1000 30 0.070031751
1 129 1000 70 0.070044258
6 129 1000 1089 0.070049996
57 129 1000 1903 0.070116110
7 129 1000 462 0.070146957
15 129 1000 4174 0.070202335
88 129 1000 15160 0.070203061
54 129 1000 28 0.070264366
2 129 1000 9370 0.070281678
111 129 1000 9 0.070286496
45 129 1000 20 0.070302741
116 129 1000 75 0.070306557
33 129 1000 4 0.070309543
58 129 1000 33 0.070372226
56 129 1000 5172 0.070385376
56 129 1000 5 0.070409282
121 129 1000 25 0.070410019
110 129 1000 62 0.070418314
117 129 1000 11 0.070420051
8 129 1000 5 0.070426705
28 129 1000 35 0.070461853
9 129 1000 8869 0.070469308
76 129 1000 5949 0.070477386
21 129 1000 20 0.070522872
75 129 1000 12 0.070541699
114 129 1000 5 0.070548082
63 129 1000 5808 0.070582056
94 129 1000 10 0.070693285
115 129 1000 1 0.070704084
116 129 1000 1669 0.070715154
123 129 1000 2 0.070743015
128 129 1000 96 0.070752572
124 129 1000 43 0.070754067
85 129 1000 5 0.070773174
86 129 1000 923 0.070812258
56 129 1000 1862 0.070825771
106 129 1000 1677 0.070858817
37 129 1000 16 0.070883275
127 129 1000 54 0.070923190
14 129 1000 30 0.070946453
62 129 1000 369 0.070963667
108 129 1000 287 0.071031030
15 129 1000 57 0.071039501
3 129 1000 2609 0.071080401
50 129 1000 938 0.071113757
32 129 1000 68 0.071119030
109 129 1000 63 0.071214982
122 129 1000 5759 0.071238677
74 129 1000 71 0.071248480
10 129 1000 13645 0.071306687
113 129 1000 914 0.071338002
48 129 1000 357 0.071342992
23 129 1000 20 0.071361279
17 129 1000 11 0.071428774
115 129 1000 20 0.071470033
36 129 1000 37 0.071470614
62 129 1000 1650 0.071517757
22 129 1000 33 0.071538910
3 129 1000 4483 0.071564557
44 129 1000 17513 0.071566658
81 129 1000 385 0.071606282
57 129 1000 8 0.071636040
27 129 1000 69 0.071660323
105 129 1000 754 0.071773646
79 129 1000 6 0.071909253
4 129 1000 93 0.071976356
90 129 1000 5670 0.072018539
55 129 1000 36 0.072077305
104 129 1000 26 0.072184102
11 129 1000 1027 0.072184265
28 129 1000 9477 0.072211306
125 129 1000 25 0.072246662
127 129 1000 550 0.072301134
18 129 1000 1413 0.072308563
41 129 1000 11 0.072321852
82 129 1000 23 0.072331385
116 129 1000 58 0.072332306
70 129 1000 846 0.072339773
96 129 1000 2312 0.072394718
95 129 1000 19 0.072412817
31 129 1000 65 0.072423790
90 129 1000 0 0.072446349
115 129 1000 8315 0.072467772
85 129 1000 75 0.072504405
117 129 1000 23 0.072507545
85 129 1000 45 0.072513807
108 129 1000 59 0.072537681
98 129 1000 60 0.072540661
65 129 1000 47 0.072543627
48 129 1000 29 0.072549347
115 129 1000 13 0.072617940
62 129 1000 90 0.072659763
43 129 1000 11619 0.072723184
122 129 1000 20 0.072746176
76 129 1000 12 0.072750664
10 129 1000 42 0.072786028
116 129 1000 2654 0.072876499
92 129 1000 11 0.072883557
44 129 1000 89 0.072937262
16 129 1000 2257 0.072946447
4 129 1000 3 0.072971969
71 129 1000 22 0.072986131
83 129 1000 45 0.073069255
16 129 1000 24 0.073104885
66 129 1000 1420 0.073149460
16 129 1000 8 0.073303122
57 129 1000 28 0.073361642
78 129 1000 0 0.073426163
125 129 1000 59 0.073445117
82 129 1000 5 0.073471612
105 129 1000 4221 0.073580233
47 129 1000 385 0.073634599
65 129 1000 385 0.073655101
51 129 1000 57 0.073713267
64 129 1000 42 0.073770008
74 129 1000 49 0.073809916
86 129 1000 39 0.073874683
74 129 1000 41 0.073884289
69 129 1000 14 0.073933969
17 129 1000 878 0.073951878
77 129 1000 46 0.074002696
111 129 1000 43 0.074056135
99 129 1000 3047 0.074087337
105 129 1000 70 0.074093328
121 129 1000 0 0.074095216
115 129 1000 5247 0.074198686
58 129 1000 157 0.074201525
119 129 1000 811 0.074218578
30 129 1000 1281 0.074263745
10 129 1000 1284 0.074277539
72 129 1000 17 0.074337797
97 129 1000 16 0.074371380
72 129 1000 1301 0.074373400
72 129 1000 1662 0.074373611
44 129 1000 8783 0.074380611
1 129 1000 7804 0.074484001
62 129 1000 151 0.074511635
41 129 1000 8451 0.074520879
68 129 1000 1418 0.074568289
116 129 1000 65 0.074576130
27 129 1000 2433 0.074589535
57 129 1000 101 0.074756750
24 129 1000 2 0.074772595
116 129 1000 61 0.074821688
48 129 1000 44 0.074828486
45 129 1000 5 0.074843855
76 129 1000 22 0.074874648
34 129 1000 3595 0.074889295
81 129 1000 4 0.074900316
125 129 1000 7 0.074938156
90 129 1000 1217 0.074967430
28 129 1000 47 0.074970719
51 129 1000 291 0.074979501
52 129 1000 4643 0.075022443
93 129 1000 7 0.075031189
91 129 1000 427 0.075031805
15 129 1000 982 0.075034601
14 129 1000 4 0.075085925
98 129 1000 22 0.075129098
128 129 1000 19 0.075133845
57 129 1000 72 0.075139775
23 129 1000 5 0.075140440
88 129 1000 7392 0.075157601
56 129 1000 4 0.075159988
98 129 1000 1262 0.075197317
52 129 1000 14 0.075312005
100 129 1000 9408 0.075312656
114 129 1000 1139 0.075387463
112 129 1000 25 0.075404560
24 129 1000 2104 0.075472453
78 129 1000 8 0.075639097
41 129 1000 6486 0.075688078
8 129 1000 3232 0.075700234
85 129 1000 6353 0.075763293
108 129 1000 9 0.075835548
2 129 1000 4 0.075852826
53 129 1000 59 0.075872603
18 129 1000 70 0.075891140
50 129 1000 0 0.075945748
4 129 1000 502 0.075949277
51 129 1000 39 0.075999034
68 129 1000 47 0.076034481
6 129 1000 58 0.076077005
14 129 1000 2888 0.076162142
18 129 1000 8 0.076170907
37 129 1000 4582 0.076229732
48 129 1000 29 0.076320931
84 129 1000 1006 0.076374692
3 129 1000 39 0.076424291
103 129 1000 3 0.076477499
13 129 1000 915 0.076500437
66 129 1000 11 0.076516987
26 129 1000 71 0.076531028
14 129 1000 33 0.076550525
77 129 1000 3501 0.076562903
98 129 1000 6449 0.076577434
42 129 1000 831 0.076591496
37 129 1000 215 0.076661317
18 129 1000 74 0.076811198
54 129 1000 66 0.076867300
101 129 1000 908 0.076888869
116 129 1000 56 0.076903283
32 129 1000 8 0.076914879
103 129 1000 175 0.076962887
91 129 1000 16075 0.076966768
53 129 1000 50 0.076985938
80 129 1000 1326 0.077002304
31 129 1000 156 0.077027534
12 129 1000 16 0.077058176
89 129 1000 8152 0.077067233
79 129 1000 1391 0.077122686
49 129 1000 24416 0.077181833
74 129 1000 875 0.077190263
125 129 1000 3006 0.077212942
82 129 1000 5 0.077258041
46 129 1000 3 0.077266619
19 129 1000 1551 0.077280525
24 129 1000 739 0.077298102
113 129 1000 33 0.077304613
102 129 1000 0 0.077377168
36 129 1000 39 0.077393023
9 129 1000 445 0.077435534
93 129 1000 1474 0.077491786
49 129 1000 24 0.077494892
26 129 1000 23895 0.077505502
23 129 1000 149 0.077526950
18 129 1000 64 0.077542187
55 129 1000 24 0.077659718
22 129 1000 648 0.077695506
99 129 1000 2513 0.077716407
109 129 1000 82 0.077731148
31 129 1000 5 0.077738177
30 129 1000 5 0.077767834
33 129 1000 955 0.077770429
90 129 1000 5 0.077781462
16 129 1000 6621 0.077795912
106 129 1000 5425 0.077815394
71 129 1000 548 0.077873244
113 129 1000 2580 0.077888475
104 129 1000 4736 0.077959974
44 129 1000 73 0.077986624
122 129 1000 3402 0.078006724
98 129 1000 3623 0.078010365
107 129 1000 1061 0.078043944
56 129 1000 59 0.078060784
59 129 1000 9 0.078065487
111 129 1000 467 0.078084689
83 129 1000 5 0.078114354
93 129 1000 5775 0.078169239
99 129 1000 23 0.078196927
89 129 1000 7 0.078197029
92 129 1000 754 0.078211077
107 129 1000 2 0.078241048
85 129 1000 1015 0.078269713
49 129 1000 93 0.078299137
54 129 1000 5218 0.078355918
95 129 1000 23 0.078377173
104 129 1000 2688 0.078461138
125 129 1000 23 0.078461139
45 129 1000 2 0.078463353
17 129 1000 1592 0.078480397
94 129 1000 28 0.078498725
127 129 1000 70 0.078512838
43 129 1000 5027 0.078525219
6 129 1000 1 0.078534854
40 129 1000 126 0.078535970
107 129 1000 27363 0.078609349
79 129 1000 1016 0.078629375
96 129 1000 40 0.078649290
8 129 1000 0 0.078665537
112 129 1000 48 0.078681630
57 129 1000 17474 0.078739883
75 129 1000 65 0.078812751
13 129 1000 26 0.078835479
117 129 1000 24 0.079005257
118 129 1000 51 0.079010442
6 129 1000 2152 0.079073736
74 129 1000 8843 0.079100857
76 129 1000 8 0.079139221
106 129 1000 634 0.079224864
89 129 1000 0 0.079288709
110 129 1000 1634 0.079333539
52 129 1000 945 0.079395031
31 129 1000 4 0.079411595
17 129 1000 1637 0.079420570
7 129 1000 6 0.079436951
44 129 1000 0 0.079439902
9 129 1000 1323 0.079491031
47 129 1000 2 0.079507110
19 129 1000 24 0.079509536
9 129 1000 950 0.079542836
3 129 1000 854 0.079606364
78 129 1000 20 0.079611833
74 129 1000 405 0.079624495
50 129 1000 1541 0.079639030
21 129 1000 24 0.079704043
72 129 1000 1706 0.079707098
114 129 1000 7 0.079711801
2 129 1000 52 0.079717100
125 129 1000 358 0.079769776
18 129 1000 102 0.079776299
97 129 1000 14 0.079805463
69 129 1000 35 0.079817733
6 129 1000 6495 0.079842613
88 129 1000 48 0.079931275
36 129 1000 58 0.079983799
110 129 1000 332 0.080015837
22 129 1000 1541 0.080039734
105 129 1000 3 0.080049221
3 129 1000 3425 0.080053687
20 129 1000 6 0.080113839
79 129 1000 74 0.080178369
59 129 1000 7473 0.080225483
45 129 1000 33 0.080312435
61 129 1000 45 0.080335235
3 129 1000 28 0.080339583
24 129 1000 64 0.080485343
12 129 1000 322 0.080489327
113 129 1000 1 0.080498442
112 129 1000 3076 0.080616371
77 129 1000 50 0.080628624
18 129 1000 4044 0.080689328
61 129 1000 13 0.080690783
8 129 1000 1841 0.080695771
108 129 1000 163 0.080859902
72 129 1000 73 0.080867058
3 129 1000 2159 0.080918445
94 129 1000 1386 0.080994391
79 129 1000 58 0.081016429
84 129 1000 37 0.081087271
107 129 1000 90 0.081115930
24 129 1000 9452 0.081140751
23 129 1000 45 0.081141636
80 129 1000 4057 0.081141684
80 129 1000 6342 0.081155458
3 129 1000 2 0.081168489
67 129 1000 41 0.081231861
84 129 1000 696 0.081239439
76 129 1000 0 0.081265964
45 129 1000 39 0.081269378
57 129 1000 27 0.081270832
42 129 1000 10320 0.081313643
9 129 1000 33 0.081377914
66 129 1000 7257 0.081479062
112 129 1000 45 0.081514021
11 129 1000 5 0.081516678
14 129 1000 3276 0.081529244
69 129 1000 509 0.081535736
41 129 1000 7968 0.081542971
97 129 1000 272 0.081587369
97 129 1000 27 0.081603727
32 129 1000 7 0.081618894
15 129 1000 24051 0.081628612
113 129 1000 59 0.081636130
120 129 1000 63 0.081722361
44 129 1000 66 0.081779278
6 129 1000 7722 0.081783663
98 129 1000 172 0.081866350
84 129 1000 4629 0.081869293
18 129 1000 9279 0.081871503
117 129 1000 44 0.081906012
89 129 1000 3393 0.081923108
33 129 1000 13 0.081938061
17 129 1000 19 0.082025376
58 129 1000 8 0.082035186
113 129 1000 3 0.082035883
2 129 1000 127 0.082045185
53 129 1000 10 0.082063763
120 129 1000 1308 0.082065591
12 129 1000 1553 0.082070673
47 129 1000 13 0.082100640
127 129 1000 16909 0.082108386
91 129 1000 1848 0.082170759
2 129 1000 16 0.082282306
100 129 1000 2 0.082310037
104 129 1000 557 0.082374829
72 129 1000 1846 0.082393469
9 129 1000 19 0.082400123
24 129 1000 3 0.082422752
46 129 1000 118 0.082462129
108 129 1000 1365 0.082526928
56 129 1000 3264 0.082543921
95 129 1000 29 0.082545419
100 129 1000 7928 0.082593043
4 129 1000 1 0.082624719
96 129 1000 2135 0.082706947
47 129 1000 9198 0.082732158
26 129 1000 55 0.082755079
95 129 1000 113 0.082804549
72 129 1000 53 0.082841266
111 129 1000 26 0.082906635
23 129 1000 8 0.082925671
96 129 1000 13 0.082982051
123 129 1000 56 0.082993672
99 129 1000 13 0.083032305
38 129 1000 2123 0.083065002
82 129 1000 23 0.083091080
102 129 1000 441 0.083126850
57 129 1000 27 0.083210748
19 129 1000 417 0.083257069
11 129 1000 37 0.083267743
63 129 1000 1 0.083270096
9 129 1000 2711 0.083296446
14 129 1000 10 0.083322782
101 129 1000 10 0.083392309
117 129 1000 19 0.083446473
120 129 1000 1064 0.083649896
3 129 1000 26 0.083678854
8 129 1000 141 0.083701736
12 129 1000 54 0.083762483
33 129 1000 3282 0.083780073
28 129 1000 1227 0.083807098
29 129 1000 67 0.083808536
77 129 1000 16 0.083904762
28 129 1000 67 0.084066370
27 129 1000 114 0.084066971
24 129 1000 59 0.084070408
105 129 1000 6358 0.084083690
89 129 1000 731 0.084136210
108 129 1000 3404 0.084152074
85 129 1000 741 0.084155883
93 129 1000 52 0.084166224
11 129 1000 840 0.084267884
78 129 1000 58 0.084281696
121 129 1000 705 0.084334084
82 129 1000 13733 0.084369884
73 129 1000 20931 0.084436792
65 129 1000 42 0.084476946
86 129 1000 69 0.084497989
32 129 1000 3146 0.084498664
11 129 1000 14287 0.084605185
5 129 1000 45 0.084615120
107 129 1000 5594 0.084615513
128 129 1000 445 0.084653487
37 129 1000 35 0.084665732
64 129 1000 1426 0.084723459
119 129 1000 4372 0.084811182
75 129 1000 26836 0.084830493
49 129 1000 5022 0.084981725
38 129 1000 35 0.085003972
71 129 1000 4 0.085011993
34 129 1000 5 0.085020011
17 129 1000 44 0.085029365
19 129 1000 41 0.085043909
25 129 1000 19 0.085094444
45 129 1000 21 0.085113891
89 129 1000 21316 0.085142682
4 129 1000 20 0.085142900
40 129 1000 57 0.085153431
86 129 1000 4 0.085207318
14 129 1000 57 0.085212516
124 129 1000 8729 0.085220970
18 129 1000 664 0.085224588
70 129 1000 6316 0.085241574
120 129 1000 4361 0.085248741
8 129 1000 2267 0.085289769
50 129 1000 0 0.085456043
35 129 1000 77 0.085475548
11 129 1000 3 0.085530231
2 129 1000 4522 0.085533670
17 129 1000 1419 0.085699721
83 129 1000 27 0.085715836
63 129 1000 70 0.085734249
127 129 1000 63 0.085772419
85 129 1000 88 0.085871372
63 129 1000 142 0.085877615
54 129 1000 3774 0.085881748
96 129 1000 26959 0.085914588
120 129 1000 7 0.086045608
51 129 1000 119 0.086160066
108 129 1000 7637 0.086280083
55 129 1000 2329 0.086290248
68 129 1000 50 0.086350667
84 129 1000 8763 0.086358362
28 129 1000 58 0.086371653
125 129 1000 126 0.086381481
69 129 1000 3278 0.086404927
26 129 1000 1701 0.086428814
74 129 1000 8915 0.086506894
14 129 1000 37 0.086571577
89 129 1000 1157 0.086574721
112 129 1000 36 0.086604712
92 129 1000 1835 0.086654032
113 129 1000 19 0.086666809
127 129 1000 27 0.086703056
17 129 1000 12 0.086732445
64 129 1000 46 0.086757183
37 129 1000 47 0.086758844
10 129 1000 28 0.086805164
87 129 1000 4 0.086818566
101 129 1000 4134 0.086864135
93 129 1000 460 0.086879031
109 129 1000 72 0.086915526
112 129 1000 71 0.086932793
36 129 1000 324 0.086934729
78 129 1000 24 0.086983463
22 129 1000 871 0.086995882
116 129 1000 3354 0.087039631
68 129 1000 17 0.087041278
62 129 1000 4160 0.087071359
81 129 1000 117 0.087097912
51 129 1000 922 0.087144267
114 129 1000 590 0.087193703
74 129 1000 7 0.087414994
122 129 1000 1839 0.087447153
113 129 1000 831 0.087532071
122 129 1000 8055 0.087551865
37 129 1000 69 0.087633731
72 129 1000 14 0.087701971
95 129 1000 1118 0.087703225
69 129 1000 990 0.087729764
27 129 1000 738 0.087841160
35 129 1000 1457 0.087849609
86 129 1000 105 0.087900269
21 129 1000 2547 0.087903575
17 129 1000 38 0.088010517
56 129 1000 156 0.088031983
79 129 1000 59 0.088090245
76 129 1000 45 0.088105043
29 129 1000 1190 0.088125127
51 129 1000 14 0.088140262
65 129 1000 151 0.088148031
124 129 1000 13 0.088190079
46 129 1000 4305 0.088201290
128 129 1000 490 0.088214677
119 129 1000 796 0.088221883
12 129 1000 63 0.088245464
10 129 1000 1599 0.088264078
79 129 1000 25 0.088283655
113 129 1000 1162 0.088292222
15 129 1000 251 0.088367145
52 129 1000 509 0.088393745
57 129 1000 19536 0.088400310
38 129 1000 734 0.088498668
19 129 1000 39 0.088507455
91 129 1000 7015 0.088561050
12 129 1000 338 0.088564450
82 129 1000 3719 0.088601113
101 129 1000 1823 0.088758694
35 129 1000 5479 0.088886641
67 129 1000 156 0.088915368
32 129 1000 11531 0.088921907
112 129 1000 15 0.088950998
59 129 1000 70 0.088970638
47 129 1000 73 0.088984753
30 129 1000 21 0.089016206
49 129 1000 9 0.089040822
59 129 1000 3 0.089070316
96 129 1000 24 0.089100343
112 129 1000 56 0.089151184
28 129 1000 835 0.089156771
32 129 1000 73 0.089158824
53 129 1000 5357 0.089183573
62 129 1000 69 0.089292394
38 129 1000 27 0.089344044
128 129 1000 61 0.089379023
22 129 1000 62 0.089407804
46 129 1000 3320 0.089514238
116 129 1000 8991 0.089568472
76 129 1000 1625 0.089568852
8 129 1000 32 0.089577298
65 129 1000 91 0.089608089
105 129 1000 5691 0.089623373
108 129 1000 55 0.089638409
109 129 1000 42 0.089643462
29 129 1000 5447 0.089657766
79 129 1000 59 0.089764308
65 129 1000 131 0.089818118
9 129 1000 9488 0.089822765
87 129 1000 1278 0.089881403
4 129 1000 49 0.089919699
50 129 1000 27 0.089988340
120 129 1000 8 0.090045238
13 129 1000 1660 0.090055337
83 129 1000 1801 0.090082799
92 129 1000 73 0.090110857
3 129 1000 21 0.090125853
41 129 1000 22933 0.090133577
72 129 1000 36 0.090152712
54 129 1000 16 0.090180671
87 129 1000 125 0.090204060
87 129 1000 12 0.090207716
36 129 1000 56 0.090239354
79 129 1000 18 0.090249170
70 129 1000 68 0.090374756
18 129 1000 165 0.090434047
60 129 1000 8513 0.090463756
114 129 1000 1624 0.090489097
47 129 1000 24 0.090493058
108 129 1000 60 0.090499131
53 129 1000 12 0.090547818
89 129 1000 2187 0.090638725
51 129 1000 3770 0.090683311
101 129 1000 316 0.090688217
62 129 1000 28 0.090791571
72 129 1000 71 0.090806245
94 129 1000 8748 0.090806459
99 129 1000 24 0.090813264
17 129 1000 62 0.090893909
15 129 1000 5 0.090922328
30 129 1000 439 0.090925243
114 129 1000 34 0.090946698
67 129 1000 74 0.090966666
62 129 1000 7 0.090973031
65 129 1000 24 0.090974929
122 129 1000 11 0.090976555
81 129 1000 17 0.091000755
50 129 1000 9 0.091021450
105 129 1000 19984 0.091022748
3 129 1000 43 0.091152124
36 129 1000 42 0.091241211
38 129 1000 57 0.091247571
20 129 1000 20 0.091265499
56 129 1000 7554 0.091289723
86 129 1000 70 0.091293443
44 129 1000 26 0.091293812
41 129 1000 15 0.091402711
95 129 1000 187 0.091480381
116 129 1000 529 0.091546269
57 129 1000 1566 0.091587228
4 129 1000 1005 0.091640016
94 129 1000 319 0.091642031
87 129 1000 3446 0.091898994
19 129 1000 113 0.091918715
96 129 1000 57 0.091929449
62 129 1000 289 0.091963768
38 129 1000 3 0.091981775
86 129 1000 0 0.091996744
3 129 1000 64 0.092003979
108 129 1000 12750 0.092103676
16 129 1000 34 0.092118766
99 129 1000 73 0.092129858
98 129 1000 45 0.092219979
73 129 1000 4520 0.092233648
37 129 1000 1122 0.092285511
122 129 1000 6 0.092473695
66 129 1000 976 0.092544258
22 129 1000 0 0.092554836
109 129 1000 535 0.092599305
122 129 1000 16 0.092613488
68 129 1000 67 0.092624597
44 129 1000 5877 0.092698242
57 129 1000 53 0.092714519
17 129 1000 4618 0.092781697
86 129 1000 1 0.092833238
90 129 1000 4732 0.092888767
34 129 1000 2708 0.092970069
49 129 1000 46 0.093018869
102 129 1000 4926 0.093091171
85 129 1000 7 0.093185827
124 129 1000 4 0.093230751
3 129 1000 25 0.093268447
92 129 1000 12 0.093315417
59 129 1000 1281 0.093352010
112 129 1000 3756 0.093364623
93 129 1000 54 0.093397564
18 129 1000 1 0.093403627
38 129 1000 45 0.093492036
68 129 1000 3 0.093659453
73 129 1000 73 0.093687675
70 129 1000 4 0.093781967
116 129 1000 60 0.093799620
66 129 1000 0 0.094115547
76 129 1000 1 0.094212716
62 129 1000 114 0.094270282
126 129 1000 39 0.094317934
98 129 1000 50 0.094334481
38 129 1000 50 0.094344904
27 129 1000 961 0.094518588
15 129 1000 21 0.094579725
121 129 1000 4410 0.094581388
23 129 1000 6197 0.094620473
37 129 1000 54 0.094681630
93 129 1000 41 0.094761299
24 129 1000 4 0.094825359
24 129 1000 268 0.094878673
8 129 1000 47 0.094883622
125 129 1000 63 0.094982293
20 129 1000 32 0.094997234
50 129 1000 21 0.095022201
119 129 1000 7101 0.095173396
45 129 1000 19 0.095195646
72 129 1000 515 0.095230358
67 129 1000 636 0.095248845
35 129 1000 955 0.095286107
93 129 1000 802 0.095289665
36 129 1000 1599 0.095340042
3 129 1000 32 0.095394987
93 129 1000 1 0.095396717
39 129 1000 70 0.095434579
19 129 1000 44 0.095459317
23 129 1000 5 0.095491871
117 129 1000 9424 0.095636363
124 129 1000 60 0.095713764
96 129 1000 7 0.095751001
34 129 1000 46 0.095778901
35 129 1000 66 0.095909847
86 129 1000 9340 0.095977597
54 129 1000 63 0.095988398
85 129 1000 966 0.096077000
35 129 1000 71 0.096119896
93 129 1000 103 0.096135258
93 129 1000 0 0.096221010
44 129 1000 163 0.096225943
30 129 1000 7048 0.096271252
79 129 1000 60 0.096347805
114 129 1000 0 0.096401343
76 129 1000 5 0.096640250
72 129 1000 40 0.096718723
120 129 1000 862 0.096764920
60 129 1000 6867 0.096796491
90 129 1000 54 0.096797393
55 129 1000 1858 0.097003556
37 129 1000 7 0.097035389
93 129 1000 7 0.097136369
67 129 1000 47 0.097162216
18 129 1000 50 0.097260646
20 129 1000 2 0.097336156
66 129 1000 76 0.097371790
93 129 1000 610 0.097424249
17 129 1000 5643 0.097437044
34 129 1000 1345 0.097499188
10 129 1000 82 0.097711576
12 129 1000 1 0.097726711
83 129 1000 2107 0.097734357
3 129 1000 68 0.097814663
65 129 1000 40 0.097891588
3 129 1000 39 0.098218756
59 129 1000 4 0.098223656
126 129 1000 1557 0.098274020
123 129 1000 674 0.098294466
105 129 1000 33 0.098383198
59 129 1000 187 0.098590626
125 129 1000 19 0.098668014
34 129 1000 3 0.098837338
23 129 1000 18363 0.098865969
50 129 1000 9348 0.099376554
31 129 1000 549 0.099689374
