144 
25 129 1000 53 0.000085245
97 129 1000 0 0.000398717
5 129 1000 9217 0.000494606
57 129 1000 1 0.000953030
77 129 1000 111 0.001829080
102 129 1000 4 0.002141452
103 129 1000 8 0.003855897
83 129 1000 1358 0.003926014
93 129 1000 640 0.004533426
13 129 1000 25 0.004773377
39 129 1000 22 0.005572985
21 129 1000 411 0.005798878
90 129 1000 6 0.005989948
30 129 1000 162 0.006000529
120 129 1000 50 0.006009262
44 129 1000 178 0.006859887
86 129 1000 7 0.007114834
122 129 1000 7 0.007256347
65 129 1000 776 0.007336031
26 129 1000 13 0.007358845
67 129 1000 67 0.008173892
105 129 1000 61 0.008228185
110 129 1000 64 0.008615336
39 129 1000 172 0.008940520
39 129 1000 62 0.009207202
94 129 1000 3737 0.010741471
16 129 1000 13236 0.011264352
66 129 1000 25 0.011333832
119 129 1000 34 0.011418650
122 129 1000 3925 0.011532477
56 129 1000 3 0.011745096
15 129 1000 19 0.011812696
123 129 1000 52 0.011839324
111 129 1000 131 0.012112668
53 129 1000 6767 0.012836085
89 129 1000 39 0.013829546
66 129 1000 135 0.013888525
124 129 1000 74 0.014538861
91 129 1000 1316 0.015064497
8 129 1000 37 0.015243549
120 129 1000 34 0.015253403
119 129 1000 91 0.015342226
110 129 1000 3794 0.015740876
15 129 1000 59 0.015862508
113 129 1000 26 0.017086157
52 129 1000 5920 0.017920445
9 129 1000 3454 0.018004269
31 129 1000 19 0.018849328
70 129 1000 682 0.019766406
51 129 1000 25876 0.019774687
126 129 1000 568 0.020110929
31 129 1000 48 0.020196161
56 129 1000 8 0.021028510
3 129 1000 46 0.021339060
100 129 1000 94 0.021492711
39 129 1000 6535 0.021732119
16 129 1000 56 0.022554859
14 129 1000 12363 0.022610732
52 129 1000 1836 0.022842842
36 129 1000 6618 0.022857573
59 129 1000 27 0.023611745
16 129 1000 3655 0.023631146
91 129 1000 164 0.023680076
21 129 1000 159 0.023990075
22 129 1000 75 0.024512813
62 129 1000 23 0.025047115
69 129 1000 16344 0.025096987
12 129 1000 19 0.025745220
39 129 1000 11 0.025970667
9 129 1000 22 0.026234137
45 129 1000 64 0.026343377
86 129 1000 2625 0.026614602
25 129 1000 1338 0.028021129
122 129 1000 1319 0.029823662
73 129 1000 3 0.030956541
40 129 1000 59 0.033034416
94 129 1000 3797 0.033331673
89 129 1000 127 0.033406560
24 129 1000 138 0.033719855
4 129 1000 61 0.034426961
46 129 1000 2 0.035248224
46 129 1000 1076 0.035531343
33 129 1000 1818 0.036628893
19 129 1000 1256 0.036930222
50 129 1000 369 0.037285760
33 129 1000 1369 0.038228286
40 129 1000 8 0.038756442
56 129 1000 97 0.038931421
6 129 1000 2952 0.039287151
33 129 1000 8 0.039772127
30 129 1000 19573 0.040671020
2 129 1000 15 0.041573844
95 129 1000 28 0.041782638
3 129 1000 59 0.042060689
78 129 1000 66 0.042568218
112 129 1000 206 0.042706759
60 129 1000 4514 0.042796048
112 129 1000 186 0.043113383
22 129 1000 2217 0.043256842
55 129 1000 18 0.043578521
55 129 1000 8493 0.045558550
104 129 1000 7 0.046982716
70 129 1000 7141 0.046999498
104 129 1000 7 0.047855698
105 129 1000 16 0.048495755
15 129 1000 55 0.048591037
117 129 1000 24 0.048618475
74 129 1000 0 0.049452712
61 129 1000 28 0.050217886
15 129 1000 2433 0.051771849
49 129 1000 4172 0.051786106
46 129 1000 22 0.051839126
13 129 1000 272 0.052408857
104 129 1000 76 0.056748759
74 129 1000 31 0.058202073
122 129 1000 28 0.060052973
116 129 1000 5 0.060956527
78 129 1000 141 0.065223108
116 129 1000 4478 0.065277096
86 129 1000 37 0.065830381
71 129 1000 4 0.066844616
58 129 1000 2794 0.067461806
30 129 1000 8 0.068796931
105 129 1000 74 0.069147929
105 129 1000 22 0.069882198
121 129 1000 1 0.072373415
5 129 1000 142 0.074296089
86 129 1000 2130 0.075279369
115 129 1000 28 0.075917878
102 129 1000 4 0.076604897
121 129 1000 2 0.077178521
39 129 1000 0 0.077648551
84 129 1000 289 0.079818985
95 129 1000 20 0.080391103
93 129 1000 15405 0.080866463
22 129 1000 5 0.081006122
58 129 1000 22 0.081825648
78 129 1000 57 0.084378451
8 129 1000 4060 0.084714170
124 129 1000 20377 0.086467752
12 129 1000 71 0.088813419
22 129 1000 4609 0.089279870
70 129 1000 3661 0.089293995
86 129 1000 3732 0.097018495
